4113238380830601998074995100545096865372260037399798146167551066906837858862356383734005363637984019
4113238380830601998074995100545096865372260037399798146167551066906837858862356383734005363637984019
1782925335519501971343879399476956506041017640750180294531968832326090868404462308482484172511020130
10310123208830977670204757965342775058829782293342338636706060988401853574385098933631575144303498865
10310123208830977670204757965342775058829782293342338636706060988401853574385098933631575144303498865
1782925335519501971343879399476956506041017640750180294531968832326090868404462308482484172511020130
4891765193877992147309042321744988536812737854107965599864931161030440641673273104735880127220911001
4891765193877992147309042321744988536812737854107965599864931161030440641673273104735880127220911001
1538245861911870329217593946632492706602320257242781954418317489971699325409588810560566058581766428
9571752835565953129791882610248023952443755308746324897270937004159168097552444395253239607065761136
9571752835565953129791882610248023952443755308746324897270937004159168097552444395253239607065761136
1538245861911870329217593946632492706602320257242781954418317489971699325409588810560566058581766428
-1074121662106970960522330367391593107772725380627658351736252648322937911057103531049122549623806526
-1074121662106970960522330367391593107772725380627658351736252648322937911057103531049122549623806526
0
-9075758756567502431512405667073508456358716621458377448526731139222631306764327837937136671125308533
-9075758756567502431512405667073508456358716621458377448526731139222631306764327837937136671125308533
0
843805846702774901498106233700677904040783805517457750130282623435520457960275161524811141976621437
2158712082722941959978403202295183745152920622634805833916362578199052537127505537607553857443373589
2158712082722941959978403202295183745152920622634805833916362578199052537127505537607553857443373589
500158844021778859166126696521838601004956189155843681755208775733258688477681301698607621368459150
250079422010889429583063348260919300502478094577921840877604387866629344238840650849303810684229575
4844423129870762380953822299755044856047211775363978439847615836695456081940757074691882973831879879
4844423129870762380953822299755044856047211775363978439847615836695456081940757074691882973831879879
500158844021778859166126696521838601004956189155843681755208775733258688477681301698607621368459150
250079422010889429583063348260919300502478094577921840877604387866629344238840650849303810684229575
1416899155761454047459472773182799880627664569737397305417482224676015119980660815443073097468965519
1416899155761454047459472773182799880627664569737397305417482224676015119980660815443073097468965519
453646941710306244369518294066399390386517075487965099007261301595803041440434093167079575120369832
226823470855153122184759147033199695193258537743982549503630650797901520720217046583539787560184916
5696171161887719092779337663883128177304893606064607546524591076355444096616818565153737583669067486
5696171161887719092779337663883128177304893606064607546524591076355444096616818565153737583669067486
453646941710306244369518294066399390386517075487965099007261301595803041440434093167079575120369832
226823470855153122184759147033199695193258537743982549503630650797901520720217046583539787560184916
-1077971423536917817035807185134949962231137266860158343154843750120486749876867345851758182092136472
-1077971423536917817035807185134949962231137266860158343154843750120486749876867345851758182092136472
0
-170543583833768175637332670315790078967988066716262754415744626930166811250444085275918880254129106
-7924188303014212687830715157181893833011735964197202870116568971573792298162299591770244180579975764
-7924188303014212687830715157181893833011735964197202870116568971573792298162299591770244180579975764
0
-170543583833768175637332670315790078967988066716262754415744626930166811250444085275918880254129106
170543583833768175637332670315790078967988066716262754415744626930166811250444085275918880254129106
1326771014895904999781465207671007598532574652381259879152012527433812855740195105580295088882940622
1326771014895904999781465207671007598532574652381259879152012527433812855740195105580295088882940622
0
5829607989121540058687243261346468797549150027725651217822700806175078126960978855759180816288378281
5829607989121540058687243261346468797549150027725651217822700806175078126960978855759180816288378281
0
648452134486086359228688798368987444542975833887018336260887569890417649109054352675669180673846601
648452134486086359228688798368987444542975833887018336260887569890417649109054352675669180673846601
0
7096658847639851789191620766694929406464866297918903175500755604969119238693455137640490291038255985
7096658847639851789191620766694929406464866297918903175500755604969119238693455137640490291038255985
0
-4906873743605416578644466842989440874844181219254852448634990171384172935763761853620650200839937157
-4906873743605416578644466842989440874844181219254852448634990171384172935763761853620650200839937157
-1743293937483485140278968710116064587666662909446953278174063693839258845977773244502527434124751468
-10753517383076618641321934649134561058737087945142945428161232283001039683701147761002451049177065570
-10753517383076618641321934649134561058737087945142945428161232283001039683701147761002451049177065570
-1743293937483485140278968710116064587666662909446953278174063693839258845977773244502527434124751468
-871646968741742570139484355058032293833331454723476639087031846919629422988886622251263717062375734
0
-620295959913399629717979929052210803164039688816107138845742074379159274798388424425637773244164994
620295959913399629717979929052210803164039688816107138845742074379159274798388424425637773244164994
0
-4455642176304957731557993256064306393359481220972112353136898073289674117210493274740923101658736652
4455642176304957731557993256064306393359481220972112353136898073289674117210493274740923101658736652
0
-45921582690294430922461109917556315111191241765040161004115005168109035278679453295305378740931458
45921582690294430922461109917556315111191241765040161004115005168109035278679453295305378740931458
0
-4695317718730866281689517773599338356598259649299449466198440649247477277312217772950416133214905667
4695317718730866281689517773599338356598259649299449466198440649247477277312217772950416133214905667
0
3519714732551070763587631420784613484045490787373582680083259630621861471099697410852195467026080961
-3519714732551070763587631420784613484045490787373582680083259630621861471099697410852195467026080961
1079658322479507947680261368527681062547887122393211270913413746566143572651486328774141091440787078
7324599256030895786856886948495800974083027804599289669824031536490455884507997720858443399021426775
-7324599256030895786856886948495800974083027804599289669824031536490455884507997720858443399021426775
1079658322479507947680261368527681062547887122393211270913413746566143572651486328774141091440787078
539829161239753973840130684263840531273943561196605635456706873283071786325743164387070545720393539
-1296849581394232460120824674788344883430738222422809557402610532863213418005237670835136195230510556
1296849581394232460120824674788344883430738222422809557402610532863213418005237670835136195230510556
0
-777951052551996040810347605304564598538117991196922913622249414902934822618234232401134082237822964
-8746173079613847358822336363389654647816299150470662026006011692054664059598102655656136015866075453
8746173079613847358822336363389654647816299150470662026006011692054664059598102655656136015866075453
0
-777951052551996040810347605304564598538117991196922913622249414902934822618234232401134082237822964
-4807953468216258278481525647604605534835821004371597121881710806706936982107030984501365959883487784
4807953468216258278481525647604605534835821004371597121881710806706936982107030984501365959883487784
0
-638707724133374361518635633357178806092672865946189002324897785297040331642858568728688789290445569
-6229153842093214677254411866637218017865954192419803478553464310297226034488286399733390222537501204
6229153842093214677254411866637218017865954192419803478553464310297226034488286399733390222537501204
0
-638707724133374361518635633357178806092672865946189002324897785297040331642858568728688789290445569
136001042294607298866714519770336545325044847113253378247140786790865900853995121956627296370012170
-136001042294607298866714519770336545325044847113253378247140786790865900853995121956627296370012170
112335694384927929346660695330410372952896235096503915432972706238558131709151410586611181046186456
56167847192463964673330347665205186476448117548251957716486353119279065854575705293305590523093228
3963358923948519872836821169086053402527287604711196939564737994820662782153032031755951707518144234
-3963358923948519872836821169086053402527287604711196939564737994820662782153032031755951707518144234
112335694384927929346660695330410372952896235096503915432972706238558131709151410586611181046186456
56167847192463964673330347665205186476448117548251957716486353119279065854575705293305590523093228
56167847192463964673330347665205186476448117548251957716486353119279065854575705293305590523093228
-1891813830043897512173298552154928390650128840894256823540715167597573426807391764419854639264953755
1891813830043897512173298552154928390650128840894256823540715167597573426807391764419854639264953755
-464959427979555209772477263867338848954071474753452513130238960773153651171026953527039607682301468
-7548527067616098625398048829185598690126946784543857681483873895793426284947750188558439103975018902
7548527067616098625398048829185598690126946784543857681483873895793426284947750188558439103975018902
-464959427979555209772477263867338848954071474753452513130238960773153651171026953527039607682301468
-4341165741444083763848491931721009372305915153353329381308144572408506641759534983829781708634582533
4341165741444083763848491931721009372305915153353329381308144572408506641759534983829781708634582533
-1569503531855676440077151468402348594206891848252789020952924870840822356193915481015333604285974362
-9995000820892979931938188876812694854747239386536907325772364964027734358561313015200099793713075073
9995000820892979931938188876812694854747239386536907325772364964027734358561313015200099793713075073
-1569503531855676440077151468402348594206891848252789020952924870840822356193915481015333604285974362
1961629318821647829134553760863158317439824251245109570570446821516845986881794597820842670724139867
-1961629318821647829134553760863158317439824251245109570570446821516845986881794597820842670724139867
0
8236813086284613342079517864896354208130270191549456984547347270684300152750199788646237311570870031
-8236813086284613342079517864896354208130270191549456984547347270684300152750199788646237311570870031
0
-796769584560055530279227563742141861850096215161364626850327233425557502055184139997084581199115161
0
100196489765367831203993104843740044928995899871682995550441543286808747323254822412845848043058798580870010226761777119324471490598136609496073728171567656585632257688218252157483684726050491642282
100196489765367831203993104843740044928995899871682995550441543286808747323254822412845848043058798580870010226761777119324471490598136609496073728171567656585632257688218252157483684726050491642282
25895167688074275995459146408352526507740394550452403592801319014109100850954930698202538403930276697827706201665352665448107771680929723586603230287549935302043425979944277674590381361066603635969
1129914056052238844250797169623437382282719680249855128575746671063110375953811333561588182133788502345895483166606120641705917168749842400119795175510064944791403089306383880222986069915603424707407
1129914056052238844250797169623437382282719680249855128575746671063110375953811333561588182133788502345895483166606120641705917168749842400119795175510064944791403089306383880222986069915603424707407
25895167688074275995459146408352526507740394550452403592801319014109100850954930698202538403930276697827706201665352665448107771680929723586603230287549935302043425979944277674590381361066603635969
1837303310767131246265218387529944288954241064516359920202785179991666046268889736498877445896344181318220773531799913613938825792280083325202475137741172862560554698280749156063269647321325433388316
1837303310767131246265218387529944288954241064516359920202785179991666046268889736498877445896344181318220773531799913613938825792280083325202475137741172862560554698280749156063269647321325433388316
289354795702143274730237351844093881980786494834131659504289988254321058211841872432951602476733100516414873063656858611514221304105832034886815577613969184806824023951618484274512554729734066038481
4185977386718673772187685462177051786346669353047784263307194009907134596817012342263851257418691209393391873928839377562473498249898094683457825695062475888535171824411554267065829330834132364424454
4185977386718673772187685462177051786346669353047784263307194009907134596817012342263851257418691209393391873928839377562473498249898094683457825695062475888535171824411554267065829330834132364424454
289354795702143274730237351844093881980786494834131659504289988254321058211841872432951602476733100516414873063656858611514221304105832034886815577613969184806824023951618484274512554729734066038481
-57668828836545139901014223971628489141222693247636970181068321256717479916277906770998800225612070242292357006843418230754283738125319630608067279011667641895847815042990156380024766124211030595840
-57668828836545139901014223971628489141222693247636970181068321256717479916277906770998800225612070242292357006843418230754283738125319630608067279011667641895847815042990156380024766124211030595840
-16823880047961035514438426016101207404252194841340075744620186025151177512075628381698621482054011175239191597986110953215577749425744026662200950636185047778647374012589709094722463210395264802564
-1163940608492923641688623272087921209185344776010627024671066578479594877902420528621104698536002161331384287675780766349581419208364377057909552673596139883892003638051046022344411666399521390673764
-1163940608492923641688623272087921209185344776010627024671066578479594877902420528621104698536002161331384287675780766349581419208364377057909552673596139883892003638051046022344411666399521390673764
-16823880047961035514438426016101207404252194841340075744620186025151177512075628381698621482054011175239191597986110953215577749425744026662200950636185047778647374012589709094722463210395264802564
0
2412853845361817311777614044180940749780877588159086826950366421578433383089011637656877235892181917824491042789023845993685500571364533751746154537265250779369563342605855342374103716929060574684588
2412853845361817311777614044180940749780877588159086826950366421578433383089011637656877235892181917824491042789023845993685500571364533751746154537265250779369563342605855342374103716929060574684588
467269909381537544126659012553974353970706726575159870233171698553285701792608339366118082550864978275418304450076404547006090333514478986930182755296045452952963585038755062532053523765200330832644
0
6207977327142771282157338081050113719515716115230510555497395841787224521638228975394035039089289642346865234321001590741256257195437839571303700009576821744109265661264866752174129136985264600650400
6207977327142771282157338081050113719515716115230510555497395841787224521638228975394035039089289642346865234321001590741256257195437839571303700009576821744109265661264866752174129136985264600650400
467269909381537544126659012553974353970706726575159870233171698553285701792608339366118082550864978275418304450076404547006090333514478986930182755296045452952963585038755062532053523765200330832644
0
2029045846241576883176997808547022272157515910485502466903891952646645391872301020377351262407696020055427464560784415326626850716399463207723483579628745997830286163289781756561348249040466100884914
2029045846241576883176997808547022272157515910485502466903891952646645391872301020377351262407696020055427464560784415326626850716399463207723483579628745997830286163289781756561348249040466100884914
218750196121379449846559248394067947855791229909288127469546597135748822879257359295857281145768618765870210350401981537094816597156300987694967660809553079880524915855356820845074313904465207763969
0
3206829959214175138707198309910384465745836633190774882222337410875088191576945639513159541564328273213706966445127737002922736626836319935702535220843654125746702320874772948584120313922464713776456
3206829959214175138707198309910384465745836633190774882222337410875088191576945639513159541564328273213706966445127737002922736626836319935702535220843654125746702320874772948584120313922464713776456
218750196121379449846559248394067947855791229909288127469546597135748822879257359295857281145768618765870210350401981537094816597156300987694967660809553079880524915855356820845074313904465207763969
0
-104488298060245987497807481116309176712346689168913134272541741113011365185091916026351043923804554926979717972962124073777442218146439770094727586762227750337059343986169935677683599609845889901886
-104488298060245987497807481116309176712346689168913134272541741113011365185091916026351043923804554926979717972962124073777442218146439770094727586762227750337059343986169935677683599609845889901886
-32896530948862250797597934353262832114618989949359735233478684573316732344760296333191352566801905317544621608176592336821503331388380347351411536119536630459689069207635394136333395099135476391761
0
-410533613728861483678433312177450724324076561671260893298145675869317036910927884080724435091815624899746195558899607374810435717583702715974598471337337004302941253754729863799542535652234755176290
-410533613728861483678433312177450724324076561671260893298145675869317036910927884080724435091815624899746195558899607374810435717583702715974598471337337004302941253754729863799542535652234755176290
-32896530948862250797597934353262832114618989949359735233478684573316732344760296333191352566801905317544621608176592336821503331388380347351411536119536630459689069207635394136333395099135476391761
0
0
-4277818354340582024893153682298473217277480056379667223781174483881927812556053191284838637371067922773415039341809680285662785419271916321805802360706307647870107543241362942302253676059063126004880
-4277818354340582024893153682298473217277480056379667223781174483881927812556053191284838637371067922773415039341809680285662785419271916321805802360706307647870107543241362942302253676059063126004880
-702705046987967896195895344628141062168239149245834184419125065307198797782865657104583043074313472800085931639431943848146171112483307874665211505392133902473927638357442550038613028206270976128400
-7376447501038781725883230141720959786862859380988250270159751865250658582777541446994716920153841356723615128454580589327864987001096092425684926908673833026998377947875984075085873997335222622163040
-7376447501038781725883230141720959786862859380988250270159751865250658582777541446994716920153841356723615128454580589327864987001096092425684926908673833026998377947875984075085873997335222622163040
-702705046987967896195895344628141062168239149245834184419125065307198797782865657104583043074313472800085931639431943848146171112483307874665211505392133902473927638357442550038613028206270976128400
-9990364571509718176399470755004301588302449191230742595577523927106559687800865540478695256286166840190067274509437971358503348014355965929691277943745763254191913366378814955608919139754445957983
-9990364571509718176399470755004301588302449191230742595577523927106559687800865540478695256286166840190067274509437971358503348014355965929691277943745763254191913366378814955608919139754445957983
-1095989270057871070834718414072742098184764040844020494160588771475007892135318394582048732621802459385838812751122742267309884375760094873610943667263067356881098975198863442727514356649912119529
-129979242896411566509449332084379180943130747856818145474348923891720271606739899175716260184474255370771301500009236892359321978409613033496245307433889639610579088202208268048679473503533979805579
-129979242896411566509449332084379180943130747856818145474348923891720271606739899175716260184474255370771301500009236892359321978409613033496245307433889639610579088202208268048679473503533979805579
-1095989270057871070834718414072742098184764040844020494160588771475007892135318394582048732621802459385838812751122742267309884375760094873610943667263067356881098975198863442727514356649912119529
7832941442914277576303227848210285894156340266515322153205394279536777434286517148809796173840785310199290362482398329518505548791162796827445177581988175922465006081477839196740884512639219679495360
7832941442914277576303227848210285894156340266515322153205394279536777434286517148809796173840785310199290362482398329518505548791162796827445177581988175922465006081477839196740884512639219679495360
821473003373601489141276735751065379211791824268990762135561216805228254277051434529494806543570024417540473622628443830249463984545793659293935434230755857591784317490952977463040789985495820857600
8485259592948645357340699308578538212382036256622030566519565034936597729084272681147716234461392235467213280303650330720989058101857014443393367530186273252834872873305827296265492244753178009236160
8485259592948645357340699308578538212382036256622030566519565034936597729084272681147716234461392235467213280303650330720989058101857014443393367530186273252834872873305827296265492244753178009236160
821473003373601489141276735751065379211791824268990762135561216805228254277051434529494806543570024417540473622628443830249463984545793659293935434230755857591784317490952977463040789985495820857600
0
0
